
==============================================================================================================================
                                                                         Dependent variable:                                  
                                       ---------------------------------------------------------------------------------------
                                          bert_guilt_nbe       bert_guilt_repair      bert_shame_nse      bert_shame_withdraw 
                                          (1)        (2)        (3)        (4)        (5)        (6)        (7)        (8)    
------------------------------------------------------------------------------------------------------------------------------
moral_valenceImmoral                    0.026***   0.065***   0.020***   0.044***   0.030***    0.038*    0.012***    -0.017  
                                        (0.004)    (0.018)    (0.004)    (0.016)    (0.004)    (0.019)    (0.004)    (0.020)  
agencySelf                               0.002      0.026      0.005      0.004      -0.004     0.004      0.001      0.007   
                                        (0.004)    (0.018)    (0.004)    (0.016)    (0.004)    (0.019)    (0.004)    (0.020)  
OUS_IB                                   0.001     0.008**     -0.002     -0.001     -0.001     0.001      -0.002     -0.002  
                                        (0.003)    (0.004)    (0.002)    (0.003)    (0.003)    (0.004)    (0.003)    (0.004)  
moral_valenceImmoral:agencySelf                     -0.001               -0.057**               -0.004                0.018   
                                                   (0.032)               (0.028)               (0.034)               (0.035)  
moral_valenceImmoral:OUS_IB                       -0.011***              -0.006*                -0.003                0.003   
                                                   (0.004)               (0.004)               (0.004)               (0.004)  
agencySelf:OUS_IB                                  -0.008*               -0.0005                -0.003                -0.004  
                                                   (0.004)               (0.003)               (0.004)               (0.004)  
moral_valenceImmoral:agencySelf:OUS_IB              0.007                0.015**                0.004                 0.005   
                                                   (0.007)               (0.006)               (0.007)               (0.007)  
Constant                                0.068***   0.043***   0.073***   0.070***   0.104***   0.099***   0.115***   0.121*** 
                                        (0.013)    (0.016)    (0.010)    (0.013)    (0.014)    (0.017)    (0.015)    (0.018)  
------------------------------------------------------------------------------------------------------------------------------
Observations                             1,121      1,121      1,121      1,121      1,121      1,121      1,121      1,121   
Log Likelihood                         1,496.219  1,490.434  1,654.712  1,642.050  1,439.849  1,424.386  1,398.244  1,392.643 
Akaike Inf. Crit.                      -2,980.439 -2,960.868 -3,297.423 -3,264.101 -2,867.698 -2,828.771 -2,784.489 -2,765.286
Bayesian Inf. Crit.                    -2,950.307 -2,910.648 -3,267.291 -3,213.881 -2,837.567 -2,778.552 -2,754.357 -2,715.066
==============================================================================================================================
Note:                                                                                              *p<0.1; **p<0.05; ***p<0.01
