
===================================================================================================================
                                                              Dependent variable:                                  
                            ---------------------------------------------------------------------------------------
                               bert_guilt_nbe       bert_guilt_repair      bert_shame_nse      bert_shame_withdraw 
                               (1)        (2)        (3)        (4)        (5)        (6)        (7)        (8)    
-------------------------------------------------------------------------------------------------------------------
rightness                   -0.005***  -0.014***  -0.005***  -0.010***  -0.007***   -0.008*    -0.002**    0.005   
                             (0.001)    (0.004)    (0.001)    (0.004)    (0.001)    (0.004)    (0.001)    (0.004)  
agencySelf                    0.003     0.037**     0.006*     -0.022     -0.002     0.009      0.001      0.018   
                             (0.004)    (0.017)    (0.004)    (0.015)    (0.004)    (0.018)    (0.004)    (0.019)  
OUS_IB                        0.001      0.002      -0.002     -0.004     -0.001     -0.001     -0.002    -0.0004  
                             (0.003)    (0.003)    (0.002)    (0.003)    (0.003)    (0.003)    (0.003)    (0.004)  
rightness:agencySelf                     -0.010                0.008                 -0.006                -0.009  
                                        (0.008)               (0.007)               (0.008)               (0.008)  
rightness:OUS_IB                        0.003***               0.001                 0.001                 -0.001  
                                        (0.001)               (0.001)               (0.001)               (0.001)  
agencySelf:OUS_IB                        -0.006               0.007**                -0.002                -0.001  
                                        (0.004)               (0.003)               (0.004)               (0.004)  
rightness:agencySelf:OUS_IB              0.0003               -0.002*                0.001                -0.0003  
                                        (0.002)               (0.001)               (0.002)               (0.002)  
Constant                     0.079***   0.074***   0.082***   0.091***   0.118***   0.116***   0.120***   0.112*** 
                             (0.013)    (0.014)    (0.010)    (0.011)    (0.014)    (0.015)    (0.015)    (0.016)  
-------------------------------------------------------------------------------------------------------------------
Observations                  1,121      1,121      1,121      1,121      1,121      1,121      1,121      1,121   
Log Likelihood              1,491.706  1,485.007  1,657.557  1,640.059  1,437.686  1,417.988  1,395.559  1,385.903 
Akaike Inf. Crit.           -2,971.413 -2,950.014 -3,303.113 -3,260.118 -2,863.372 -2,815.977 -2,779.118 -2,751.805
Bayesian Inf. Crit.         -2,941.281 -2,899.794 -3,272.981 -3,209.898 -2,833.240 -2,765.757 -2,748.986 -2,701.586
===================================================================================================================
Note:                                                                                   *p<0.1; **p<0.05; ***p<0.01
