
===================================================================================================================
                                                              Dependent variable:                                  
                            ---------------------------------------------------------------------------------------
                               bert_guilt_nbe       bert_guilt_repair      bert_shame_nse      bert_shame_withdraw 
                               (1)        (2)        (3)        (4)        (5)        (6)        (7)        (8)    
-------------------------------------------------------------------------------------------------------------------
rightness                   -0.005***   -0.009**  -0.005***   -0.005*   -0.007***   -0.008**   -0.002**    0.0003  
                             (0.001)    (0.004)    (0.001)    (0.003)    (0.001)    (0.004)    (0.001)    (0.004)  
agencySelf                    0.003     0.042***    0.006*     -0.002     -0.003     0.005      0.0005     0.025   
                             (0.004)    (0.014)    (0.004)    (0.013)    (0.004)    (0.015)    (0.004)    (0.016)  
OUS_IH                        -0.002     0.001     -0.004**    -0.004     -0.002     -0.001     -0.001     0.001   
                             (0.003)    (0.003)    (0.002)    (0.002)    (0.003)    (0.003)    (0.003)    (0.003)  
rightness:agencySelf                     -0.005                0.009                 0.0002                -0.004  
                                        (0.006)               (0.005)               (0.007)               (0.007)  
rightness:OUS_IH                         0.002*                0.0003                0.001                 0.0002  
                                        (0.001)               (0.001)               (0.001)               (0.001)  
agencySelf:OUS_IH                       -0.008**               0.003                 -0.001                -0.003  
                                        (0.004)               (0.003)               (0.004)               (0.004)  
rightness:agencySelf:OUS_IH              -0.001               -0.003**               -0.001                -0.002  
                                        (0.002)               (0.001)               (0.002)               (0.002)  
Constant                     0.093***   0.081***   0.091***   0.089***   0.121***   0.118***   0.118***   0.107*** 
                             (0.012)    (0.012)    (0.009)    (0.010)    (0.012)    (0.013)    (0.013)    (0.014)  
-------------------------------------------------------------------------------------------------------------------
Observations                  1,121      1,121      1,121      1,121      1,121      1,121      1,121      1,121   
Log Likelihood              1,491.828  1,482.939  1,659.174  1,641.347  1,437.756  1,417.827  1,395.438  1,386.611 
Akaike Inf. Crit.           -2,971.656 -2,945.879 -3,306.349 -3,262.693 -2,863.512 -2,815.654 -2,778.875 -2,753.222
Bayesian Inf. Crit.         -2,941.524 -2,895.659 -3,276.217 -3,212.474 -2,833.380 -2,765.434 -2,748.743 -2,703.002
===================================================================================================================
Note:                                                                                   *p<0.1; **p<0.05; ***p<0.01
