
==============================================================================================================================
                                                                         Dependent variable:                                  
                                       ---------------------------------------------------------------------------------------
                                          bert_guilt_nbe       bert_guilt_repair      bert_shame_nse      bert_shame_withdraw 
                                          (1)        (2)        (3)        (4)        (5)        (6)        (7)        (8)    
------------------------------------------------------------------------------------------------------------------------------
moral_valenceImmoral                    0.026***   0.044***   0.020***   0.032**    0.030***   0.043**    0.012***    0.008   
                                        (0.004)    (0.016)    (0.004)    (0.014)    (0.004)    (0.017)    (0.004)    (0.018)  
agencySelf                               0.002     0.036**     0.005      0.025*     -0.004     0.012      0.0004     0.025   
                                        (0.004)    (0.015)    (0.003)    (0.013)    (0.004)    (0.016)    (0.004)    (0.016)  
OUS_IH                                   -0.002     0.004     -0.004**    -0.002     -0.002     0.001      -0.001     0.002   
                                        (0.003)    (0.003)    (0.002)    (0.003)    (0.003)    (0.004)    (0.003)    (0.004)  
moral_valenceImmoral:agencySelf                     -0.003               -0.056**               -0.026                -0.013  
                                                   (0.027)               (0.024)               (0.028)               (0.029)  
moral_valenceImmoral:OUS_IH                        -0.007*                -0.004                -0.005                -0.003  
                                                   (0.004)               (0.003)               (0.004)               (0.004)  
agencySelf:OUS_IH                                 -0.011***              -0.006*                -0.005               -0.009** 
                                                   (0.004)               (0.003)               (0.004)               (0.004)  
moral_valenceImmoral:agencySelf:OUS_IH              0.009                0.017***               0.011                 0.014*  
                                                   (0.006)               (0.006)               (0.007)               (0.007)  
Constant                                0.081***   0.060***   0.082***   0.074***   0.107***   0.098***   0.112***   0.103*** 
                                        (0.012)    (0.014)    (0.009)    (0.012)    (0.012)    (0.015)    (0.013)    (0.016)  
------------------------------------------------------------------------------------------------------------------------------
Observations                             1,121      1,121      1,121      1,121      1,121      1,121      1,121      1,121   
Log Likelihood                         1,496.437  1,490.496  1,656.418  1,644.034  1,439.947  1,425.389  1,398.121  1,394.261 
Akaike Inf. Crit.                      -2,980.873 -2,960.992 -3,300.835 -3,268.068 -2,867.893 -2,830.779 -2,784.243 -2,768.522
Bayesian Inf. Crit.                    -2,950.741 -2,910.773 -3,270.703 -3,217.848 -2,837.761 -2,780.559 -2,754.111 -2,718.302
==============================================================================================================================
Note:                                                                                              *p<0.1; **p<0.05; ***p<0.01
