
==========================================================================================================================
                                                                     Dependent variable:                                  
                                   ---------------------------------------------------------------------------------------
                                         pos_self              neg_self              pos_other             neg_other      
                                      (1)        (2)        (3)        (4)        (5)        (6)        (7)        (8)    
--------------------------------------------------------------------------------------------------------------------------
valenceMoral                        1.157***   0.927***  -0.736***  -0.353***   1.186***   1.434***  -1.128***  -1.498*** 
                                    (0.068)    (0.136)    (0.048)    (0.095)    (0.060)    (0.119)    (0.050)    (0.096)  
                                                                                                                          
agencySelf                          0.140**     -0.132    0.095**    0.673***  -0.301***    0.067    -0.301***  -1.070*** 
                                    (0.065)    (0.169)    (0.046)    (0.118)    (0.057)    (0.149)    (0.048)    (0.119)  
                                                                                                                          
bert_ousib                           0.342      -1.386     -0.176     1.081     -0.601*     -0.953     -0.192     -0.061  
                                    (0.405)    (1.006)    (0.289)    (0.702)    (0.358)    (0.882)    (0.299)    (0.708)  
                                                                                                                          
valenceMoral:agencySelf                         0.242               -0.782***             -0.746***              1.100*** 
                                               (0.213)               (0.149)               (0.187)               (0.150)  
                                                                                                                          
valenceMoral:bert_ousib                         1.552                 -1.334                -0.471                -0.366  
                                               (1.188)               (0.830)               (1.041)               (0.837)  
                                                                                                                          
agencySelf:bert_ousib                           0.660                 -0.868                -0.587                0.289   
                                               (1.758)               (1.228)               (1.541)               (1.240)  
                                                                                                                          
valenceMoral:agencySelf:bert_ousib              0.379                 0.679                 2.504                 -0.260  
                                               (1.965)               (1.374)               (1.722)               (1.386)  
                                                                                                                          
Constant                            0.460***   0.665***   1.028***   0.760***   1.024***   0.937***   1.497***   1.741*** 
                                    (0.083)    (0.113)    (0.056)    (0.077)    (0.075)    (0.101)    (0.058)    (0.077)  
                                                                                                                          
--------------------------------------------------------------------------------------------------------------------------
Observations                         1,222      1,222      1,222      1,222      1,222      1,222      1,222      1,222   
Log Likelihood                     -1,808.165 -1,800.494 -1,389.828 -1,356.169 -1,660.228 -1,646.890 -1,431.510 -1,366.009
Akaike Inf. Crit.                  3,628.331  3,620.988  2,791.655  2,732.339  3,332.456  3,313.780  2,875.021  2,752.018 
Bayesian Inf. Crit.                3,658.980  3,672.070  2,822.305  2,783.421  3,363.105  3,364.863  2,905.670  2,803.101 
==========================================================================================================================
Note:                                                                                          *p<0.1; **p<0.05; ***p<0.01
