
===================================================================================================================
                                                              Dependent variable:                                  
                            ---------------------------------------------------------------------------------------
                                  pos_self              neg_self              pos_other             neg_other      
                               (1)        (2)        (3)        (4)        (5)        (6)        (7)        (8)    
-------------------------------------------------------------------------------------------------------------------
rightness                    0.205***   0.205***   -0.095**   -0.095**   0.379***   0.379***  -0.399***  -0.399*** 
                             (0.069)    (0.069)    (0.048)    (0.048)    (0.062)    (0.062)    (0.046)    (0.046)  
                                                                                                                   
agencySelf                    -0.085     -0.085    0.516**    0.516**     -0.142     -0.142   -0.714***  -0.714*** 
                             (0.288)    (0.288)    (0.202)    (0.202)    (0.258)    (0.258)    (0.191)    (0.191)  
                                                                                                                   
OUS_IB                        0.003      0.003      0.048      0.048      0.058      0.058      0.028      0.028   
                             (0.059)    (0.059)    (0.038)    (0.038)    (0.055)    (0.055)    (0.037)    (0.037)  
                                                                                                                   
rightness:agencySelf          0.092      0.092    -0.256***  -0.256***   -0.256**   -0.256**   0.338***   0.338*** 
                             (0.127)    (0.127)    (0.089)    (0.089)    (0.113)    (0.113)    (0.084)    (0.084)  
                                                                                                                   
rightness:OUS_IB              0.009      0.009      -0.003     -0.003     -0.021     -0.021     0.005      0.005   
                             (0.015)    (0.015)    (0.010)    (0.010)    (0.013)    (0.013)    (0.010)    (0.010)  
                                                                                                                   
agencySelf:OUS_IB             0.001      0.001      -0.036     -0.036     -0.039     -0.039     0.052      0.052   
                             (0.063)    (0.063)    (0.044)    (0.044)    (0.057)    (0.057)    (0.042)    (0.042)  
                                                                                                                   
rightness:agencySelf:OUS_IB   0.008      0.008      0.011      0.011     0.048**    0.048**     -0.021     -0.021  
                             (0.027)    (0.027)    (0.019)    (0.019)    (0.024)    (0.024)    (0.018)    (0.018)  
                                                                                                                   
Constant                     1.082***   1.082***   0.423**    0.423**    1.303***   1.303***   0.887***   0.887*** 
                             (0.265)    (0.265)    (0.169)    (0.169)    (0.246)    (0.246)    (0.168)    (0.168)  
                                                                                                                   
-------------------------------------------------------------------------------------------------------------------
Observations                  1,121      1,121      1,121      1,121      1,121      1,121      1,121      1,121   
Log Likelihood              -1,662.601 -1,662.601 -1,262.204 -1,262.204 -1,543.296 -1,543.296 -1,203.657 -1,203.657
Akaike Inf. Crit.           3,345.203  3,345.203  2,544.409  2,544.409  3,106.591  3,106.591  2,427.314  2,427.314 
Bayesian Inf. Crit.         3,395.423  3,395.423  2,594.628  2,594.628  3,156.811  3,156.811  2,477.534  2,477.534 
===================================================================================================================
Note:                                                                                   *p<0.1; **p<0.05; ***p<0.01
