
======================================================================================================================
                                                                 Dependent variable:                                  
                               ---------------------------------------------------------------------------------------
                                     pos_self              neg_self              pos_other             neg_other      
                                  (1)        (2)        (3)        (4)        (5)        (6)        (7)        (8)    
----------------------------------------------------------------------------------------------------------------------
valenceMoral                    1.197***   0.676**   -0.760***    -0.326    1.184***   1.607***  -1.196***  -1.369*** 
                                (0.069)    (0.311)    (0.049)    (0.214)    (0.061)    (0.273)    (0.050)    (0.217)  
                                                                                                                      
agencySelf                       0.126*     -0.277     0.095*    1.033***  -0.309***    0.593    -0.298***  -1.288*** 
                                (0.069)    (0.452)    (0.049)    (0.312)    (0.061)    (0.397)    (0.050)    (0.315)  
                                                                                                                      
OUS_IB                           0.030      -0.037     0.022      0.061      0.066      0.097      0.033      0.043   
                                (0.056)    (0.070)    (0.035)    (0.045)    (0.051)    (0.064)    (0.036)    (0.046)  
                                                                                                                      
valenceMoral:agencySelf                     0.382               -1.037***             -1.352***              1.150*** 
                                           (0.538)               (0.371)               (0.472)               (0.375)  
                                                                                                                      
valenceMoral:OUS_IB                         0.089                 -0.029                -0.058                -0.050  
                                           (0.068)               (0.047)               (0.060)               (0.047)  
                                                                                                                      
agencySelf:OUS_IB                           0.037                 -0.078                -0.127                0.051   
                                           (0.098)               (0.067)               (0.086)               (0.068)  
                                                                                                                      
valenceMoral:agencySelf:OUS_IB              -0.011                0.046                 0.199*                -0.015  
                                           (0.116)               (0.080)               (0.102)               (0.081)  
                                                                                                                      
Constant                         0.349     0.722**    0.947***   0.586***   0.688***    0.438     1.414***   1.613*** 
                                (0.255)    (0.318)    (0.161)    (0.206)    (0.233)    (0.289)    (0.167)    (0.208)  
                                                                                                                      
----------------------------------------------------------------------------------------------------------------------
Observations                     1,121      1,121      1,121      1,121      1,121      1,121      1,121      1,121   
Log Likelihood                 -1,669.068 -1,670.856 -1,278.618 -1,249.932 -1,532.878 -1,530.747 -1,312.293 -1,261.987
Akaike Inf. Crit.              3,350.137  3,361.712  2,569.237  2,519.863  3,077.757  3,081.494  2,636.586  2,543.974 
Bayesian Inf. Crit.            3,380.269  3,411.932  2,599.368  2,570.083  3,107.888  3,131.714  2,666.718  2,594.194 
======================================================================================================================
Note:                                                                                      *p<0.1; **p<0.05; ***p<0.01
